0 104 593 810 690
1 0 0
1 30 0
1 60 0
1 90 0
1 120 0
1 150 0
1 180 0
1 210 0
1 240 0
1 270 0
1 300 0
1 330 0
1 360 0
1 390 0
1 420 0
1 450 0
1 480 0
1 510 0
1 540 0
1 570 0
1 600 0
1 630 0
1 660 0
1 690 0
1 720 0
1 750 0
1 780 0
1 780 30
1 780 60
1 780 90
1 780 120
1 780 150
1 780 180
1 780 210
1 780 300
1 780 330
1 780 360
1 780 390
1 780 420
1 780 450
1 780 480
1 780 510
1 780 540
1 780 570
1 780 600
1 780 630
1 780 660
1 750 660
1 720 660
1 690 660
1 660 660
1 630 660
1 600 660
1 570 660
1 540 660
1 510 660
1 480 660
1 450 660
1 420 660
1 390 660
1 360 660
1 330 660
1 300 660
1 270 660
1 240 660
1 210 660
1 180 660
1 150 660
1 120 660
1 90 660
1 60 660
1 30 660
1 0 660
1 0 630
1 0 600
1 0 570
1 0 540
1 0 510
1 0 480
1 0 450
1 0 420
1 0 390
1 0 360
1 0 330
1 0 300
1 0 270
1 0 240
1 0 210
1 0 180
1 0 150
1 0 120
1 0 90
1 0 60
1 0 30
1 750 300
1 720 300
1 690 300
1 630 300
1 660 300
1 600 300
1 570 300
1 540 300
1 510 300
1 480 300
1 480 270
1 480 240
1 480 210
1 480 180
1 480 150
1 480 120
1 510 120
1 540 120
1 570 210
1 600 210
1 630 210
1 660 210
1 690 210
1 720 210
1 750 210
1 570 120
1 600 120
1 630 120
1 660 120
1 690 120
1 660 30
1 660 60
1 570 60
1 570 90
1 480 30
1 480 60
1 390 30
1 390 60
1 390 90
1 390 120
1 390 150
1 390 180
1 390 210
1 390 300
1 390 330
1 390 360
1 390 390
1 390 420
1 360 420
1 330 420
1 300 420
1 270 420
1 240 420
1 210 420
1 180 450
1 180 420
1 180 480
1 90 510
1 120 510
1 150 510
1 180 510
1 180 540
1 180 570
1 270 480
1 270 510
1 270 540
1 270 570
1 270 600
1 270 630
1 360 480
1 360 510
1 360 540
1 360 570
1 390 570
1 420 570
1 450 570
1 480 570
1 510 570
1 540 570
1 570 570
1 600 570
1 630 570
1 660 570
1 690 570
1 690 540
1 690 510
1 690 480
1 690 450
1 690 420
1 690 390
1 660 390
1 630 390
1 600 390
1 570 390
1 570 360
1 570 330
1 390 480
1 390 510
1 390 540
1 420 480
1 450 480
1 480 480
1 480 510
1 510 510
1 540 510
1 570 510
1 600 510
1 600 480
1 600 450
1 570 450
1 540 450
1 510 450
1 510 420
1 480 390
1 510 390
1 30 420
1 60 420
1 90 420
1 90 390
1 90 330
1 90 360
1 90 300
1 90 270
1 90 240
1 30 150
1 60 150
1 90 150
1 120 150
1 150 150
1 180 150
1 180 180
1 180 210
1 180 240
1 180 330
1 180 360
1 180 390
1 270 330
1 270 360
1 270 390
1 300 330
1 330 330
1 330 300
1 330 270
1 330 240
1 330 210
1 330 180
1 330 150
1 330 120
1 330 90
1 90 30
1 90 60
1 90 90
1 150 90
1 120 90
1 180 90
1 240 90
1 210 90
1 240 30
1 240 120
1 240 150
1 240 180
1 240 210
1 270 210
1 270 240
1 270 270
2 30 30 90 30
2 90 30 90 120
2 90 120 240 120
2 240 120 240 240
2 240 240 270 240
2 270 240 270 300
2 270 300 300 300
2 300 300 300 300
2 300 210 300 210
2 300 210 270 210
2 300 210 300 210
2 300 300 300 210
2 300 210 300 300
2 270 90 270 210
2 270 30 270 60
2 240 30 240 60
2 240 60 270 60
2 120 30 120 90
2 120 30 240 30
2 120 90 270 90
2 30 30 30 660
2 300 480 300 660
2 270 480 270 660
2 210 330 210 600
2 180 330 180 600
2 120 240 120 450
2 90 240 90 420
2 30 420 90 420
2 30 450 120 450
2 90 510 90 540
2 90 510 180 510
2 90 540 180 540
2 180 600 210 600
2 270 480 300 480
2 210 450 420 450
2 420 300 420 450
2 420 30 420 240
2 390 30 390 240
2 360 90 360 360
2 330 90 330 330
2 270 330 270 420
2 300 360 300 420
2 180 330 210 330
2 180 180 180 270
2 210 150 210 270
2 210 270 180 270
2 30 150 210 150
2 30 180 180 180
2 90 240 120 240
2 30 660 270 660
2 300 660 780 660
2 780 330 780 660
2 600 330 780 330
2 600 330 600 390
2 600 390 720 390
2 720 390 720 600
2 780 330 780 660
2 690 420 690 570
2 780 30 780 210
2 570 210 570 240
2 510 150 510 270
2 510 270 510 300
2 480 120 480 330
2 480 30 480 90
2 510 30 510 90
2 480 90 510 90
2 570 60 600 60
2 570 60 570 120
2 480 120 570 120
2 600 60 600 120
2 600 120 720 120
2 660 30 660 90
2 690 30 690 90
2 660 90 690 90
2 510 30 660 30
2 420 30 480 30
2 270 30 390 30
2 330 90 360 90
2 270 330 330 330
2 300 360 360 360
2 390 300 390 420
2 300 420 390 420
2 390 300 420 300
2 390 240 420 240
2 360 480 360 600
2 420 510 420 570
2 360 600 720 600
2 420 540 420 570
2 420 570 690 570
2 630 450 630 540
2 600 480 600 510
2 510 480 510 510
2 510 420 510 480
2 360 480 360 600
2 480 390 480 420
2 540 390 540 450
2 570 330 570 420
2 600 420 690 420
2 570 420 600 420
2 540 450 630 450
2 480 480 600 480
2 480 420 510 420
2 480 390 540 390
2 480 330 570 330
2 510 300 780 300
2 780 240 570 240
2 570 210 780 210
2 720 120 720 150
2 360 480 480 480
4 90 600 150 630
4 150 630 210 630
4 210 630 240 600
4 240 600 240 480
4 240 450 240 480
4 240 450 330 480
4 330 480 450 450
4 450 450 450 120
4 450 120 540 90
4 540 90 570 30
4 570 30 630 60
4 630 60 630 90
4 630 90 660 120
4 660 120 720 90
4 720 90 750 120
4 750 120 720 180
4 720 180 540 180
4 540 180 540 270
4 540 270 780 270
4 90 600 60 480
4 60 480 150 480
4 150 480 150 300
4 150 300 240 300
4 240 300 300 330
4 300 330 330 270
4 330 270 300 150
4 300 150 300 60
4 300 60 360 60
4 360 60 390 270
4 390 240 390 240
4 390 270 450 270
